7 24 10
weight i-h:
-0.09420194754307909
-0.10110634341036343
-0.08356148482635703
-0.29153006351618926
0.05334029662913745
0.5101864909789248
0.08926093285361143
-0.04815005522483827
-0.061973122013533395
0.11967137691346579
0.3471025248996499
0.13269251405348265
-0.1490878726578715
-0.48867611078441375
-0.061494475650979985
-0.10168662133918291
0.11947883104670518
0.16617393191629648
-0.08120009952047925
0.03958612183098736
-0.17182000377484594
0.34526846568673986
-0.34140686224281414
0.10583378209668501
-0.10231953550475649
-0.09924118864617558
-0.10390677238605216
0.3945017857465359
0.04479587134765677
-0.7066085496226121
0.0446738042921838
-0.11607348434922504
-0.027556866559406146
0.10066324302237008
0.057038754580818286
0.041821148233477254
-0.13226148204763616
-0.2846422233385331
0.26905433645945864
-0.11815580056894011
0.07732145964728497
0.09619194267250104
-0.005582276810494946
-0.037063288636738675
-0.15895556154246282
-0.48502405062236975
0.425297519201807
-0.016284670229372793
0.09542237346356876
-0.026784292877856237
-0.07357364577970842
0.250682044288378
-0.122790582020799
-0.4166094254650372
0.12062550528455608
0.01780467361000723
-0.047354928594379855
0.006275404834267155
0.05083107222755182
-0.017789993122443226
-0.133980929952908
-0.3685382590222288
0.20207481868537758
-0.07166706206761209
0.088575153858948
0.21430254744749266
0.05261019441357014
-0.03981496668515626
-0.0570211526246116
-0.3129570080334436
0.34661805251418426
0.12972185221995952
0.09097042175932166
0.12239173474037164
0.011733769652402535
0.30647601742054714
-0.12705856579476985
-0.3115625429439185
-0.12492469945239508
-0.022583665821693893
0.008347245008787267
-0.10408044822510841
0.2544041018900612
-0.06467597771963732
-0.1817514000292108
-0.3258696657551082
0.19101162754150583
0.07514991288562142
0.06946216904970577
0.2390211645053178
0.12963060739832621
0.09013654988826938
-0.05278111534634355
-0.2037137116989185
0.3994776855641405
-0.07576625316458278
0.038483397281787166
-0.07342589842394077
0.02473830990294536
0.1423806300400055
-0.016689547465899426
-0.2860626809438702
0.09352457749975998
-0.07955047142646084
0.07750390538376276
0.06455530945320039
0.14020194384011325
0.03669175179475603
0.07330806054848885
-0.4040629390425821
-0.04620174587437262
-0.08158757226547353
-0.08338053735590109
0.11363980510645783
-0.07471128984433073
0.0663505381877826
0.07697121446542321
-0.16187334576713358
0.37507513171383533
0.08327011039490421
0.06036615860408893
-0.09766668312403791
0.1399282141201688
0.3918849110059971
0.01758144309933196
-0.39048148623592177
0.03624170574834627
0.10674673086822442
-0.026402221530935473
0.08164784397456949
0.12566806340567607
0.04405781235148181
-0.13879955584153403
-0.44331306629229555
0.13045183019551868
0.07882664365594147
-0.024402291388182316
-0.015240126422900388
-0.1214466064708911
0.023963704745881196
-0.021034815745474552
-0.042588020687610445
0.39789492579819
0.09208658905353759
-0.07163713513266987
-0.09634204793181127
-0.043703646875164114
0.27013449098342723
0.10516077037290171
-0.5072752036156514
-0.05089364308892679
0.012828347291255688
-0.12357429544662901
-0.12235432582271069
0.1858262132514048
-0.12322787814498064
0.007424987548883141
-0.4044419637723222
-0.04730345077356107
0.06744917549373998
-0.13299106564290783
0.1714255379160814
0.05085971027481083
-0.03845478066773251
-0.1614852552275168
-0.3702975727143767
0.25850354362468947
0.10677337640356423
weight h-o:
0.8829610868944944
-0.531188649396518
0.33617501128404254
2.235398993805178
-0.8392338755876975
0.3643060185253262
-0.6859596495608976
2.843140263234351
0.321301360852995
1.6152046178927744
0.48741918000766965
0.7093601882213737
0.4097247486984885
0.16262806288430967
0.43222419116832833
-0.847265909511824
-0.8907013515591559
2.2042779036781974
0.12479916070595819
0.9848135677008243
0.6038111250107495
0.4234331993044388
0.39519167903768554
2.0275509113758554
-0.4646979942501494
1.269911208474513
0.10521180204293142
-0.7891426358597321
0.3117313535672764
0.9328747297422189
0.27571858060743093
-1.5248966967272497
0.0553007060627383
1.1347206045746328
0.5134992499265489
0.5355344866866556
-2.253391646648541
0.14670862102916585
-0.6427270706248588
0.6974770323042209
-1.8910650037392132
0.748840333473553
-0.004799112226034371
-1.1076922792241801
0.9297952882389983
0.7280227479330512
2.1611651749809115
-4.586535179400616
0.33227474767307696
-2.0347496497917357
1.201160492078318
1.3144985915486993
0.859659404277867
-1.09528027858934
-1.4573115287992964
-2.3493257949117825
-0.618511469467669
0.3940814882785847
-0.4704179697198509
-2.452200324631295
0.9545696036743008
-1.130826487940684
-1.0086488365630115
-0.5850855376446796
-2.4409795800088236
2.3328145745486326
2.21758220388949
2.1362880348035467
-0.573702914135148
-1.477254545111462
-0.9722468297347193
-0.13664061732227184
2.09765483883782
3.0518919868741983
-2.4804589352920976
1.5186156271009446
-0.8895879125483709
0.16294858731020895
-1.4875802066840695
-1.1096417775377339
1.3321840966816707
0.8600520169663401
-0.8147626698073701
-0.29214304456658907
0.30919624357810327
0.8318876594314961
-0.0718696841057205
1.1170446509804628
-0.220357914197279
1.1035032430812508
2.13306997574118
-0.08833970599634175
-1.2556017345770645
-2.517423366892074
-1.4840533211608835
1.492687786292812
1.7671286267047757
-0.8194796897636438
-0.6395153461697924
-1.0026213540372704
-0.326612716627272
0.2860351023909497
1.3566339553279214
-0.6277036774026662
0.6219460982211816
-2.402904285745173
1.7456938484177953
-0.5376672314998979
6.809924313239054
-1.4337912967353321
3.2615246059199805
0.034679055422797735
0.013954066969188533
-1.6672784052651988
-0.17300909379614465
0.0431151458681505
3.3230954690356205
-0.19623916467593436
1.1551367333502043
-0.8353348953102449
-1.7701440279199865
1.3987558763976442
-1.6346454490807045
1.2126370737538315
1.836216515079852
3.554880304365379
1.0309908413185838
-0.3932062943841039
-2.0641757793249647
-1.7090017441062615
-0.7800090810926685
0.037751735598058084
-1.8420030813904984
-0.8345494212235246
1.4971647195359934
0.4381378224942612
-1.9844177024670877
2.493836594298506
-1.0739195890027795
-0.6258608332653045
3.123410062704464
-1.0705480633744517
0.9331240635909499
-2.0174281465485846
-1.3230135216346142
-0.09138871382312887
-3.661534089324559
1.7547512099873261
-0.23486376661808073
5.429505883604027
-1.214178645189859
0.49431179010648246
1.8657403067548217
3.0642742995948358
0.05485536872211448
-0.40798602902377323
-1.3933985744473345
-1.4962920834898636
0.4511370276890778
0.7441495110333134
1.322761323710722
-0.2201844243338179
0.13024203884769536
-1.8682983150183028
-1.2468231855856975
-2.9156823389589963
-1.438822495867023
1.378475274163929
-0.7128703031505782
-0.8238090472596729
-0.5667353463649835
-0.6654512194371269
0.17463659729504108
0.2644837991566924
0.06318242638658954
-3.6167539341493664
-1.533993868245835
2.004309053877864
0.23097393793513793
-0.8240464512717742
-1.4298125596571383
-0.3325937519801052
0.4979753356851907
0.39070201540510646
1.3389657245177014
-2.5027895736438097
-4.1044809225680545
2.4495413349138255
-0.01579834240707759
2.211022709725289
1.3040404076613141
0.6007274832677788
-0.5707704689778784
1.0305505705302735
-0.28834941906005684
-3.617928820361838
-2.0359686912231916
-0.6852296516235099
0.9718798271124525
-0.8623023146777805
0.8010262020452764
0.891413421939575
-1.272088249611382
1.8005057778657048
-1.00640409103277
1.8311558009098525
-0.9031022895262438
1.9154484138451457
-2.014555841957084
0.23786403169738596
2.70041896770999
1.5660032418262826
1.574521840248197
0.7422913238049582
-1.7456697500845229
-2.921744333590501
0.03342418587710635
-0.4663635971802576
-2.695844492092277
-4.187984347394299
1.3701413101210698
-1.4544543945486959
-2.259882228286191
1.784508556648085
0.18499969017639856
0.765319074719869
-2.6669405433590616
2.278483281282646
-0.006509131565597193
1.1099075035665782
-0.9024482691453367
-1.3290282719231492
0.10926196283261053
1.3972624236073914
-2.0979269636687157
0.3708057235740201
0.44148300489484904
0.7393471208962952
-0.012242818604790455
-1.9002919204418325
bias1:
-0.9622687103846004
-0.7316677412605124
-0.7975062361582472
0.28673305151521444
0.7037696737891483
0.18921366677000748
0.3520911829721142
0.005915568834022389
-1.191314184386296
0.46473103075498096
-1.041898470938526
-0.4160421109476056
-0.414024082431689
0.25285635734977385
-0.4906550626210687
-0.5097618561256774
0.7723259894909471
0.9408617811293938
-0.02895028937803984
0.033209417703406297
-0.6644937208820526
0.4652923815038681
-0.15764033943251105
0.6898481342637688
bias2:
-0.4316102979478165
0.17944576563799855
-0.9796905406728527
0.30999625838174877
-1.2006095168229807
-1.3794351595969745
-2.224822163807983
-0.7590850572732551
-3.1446130460693884
-2.1162974509322163
