1 15 1
weight i-h:
0.20507546493374806
0.11113989396374192
-0.5111696515494117
-2.646597335340599
0.6142757090622761
-0.8634891012839454
0.3621150973264453
0.6282712452016523
-0.6651193086288881
0.25202026601502525
-0.11966185333904195
-0.5915011699729487
-0.6950260662082318
2.5919939102534384
0.5324782082215511
weight h-o:
0.9532811959474986
-0.2617914964926816
-0.15608539349329148
-2.460512424975097
0.07316223679368312
-0.5936817934822972
0.5830418897986155
0.14266791044600907
-0.5416778733912511
1.1769762833811206
-0.5925103024830937
1.0357279955130156
-1.2895225190834294
2.5126515104317364
0.30331061478260485
bias1:
-0.3749725820470154
-0.898341942642712
-0.5002432465109766
-4.547447194377678
0.5417069213207008
-1.1664036333077958
-1.0297852508155725
-1.025168768186413
-0.7360928880724196
0.2301908742042701
-0.996224932226831
-0.03519375495292537
0.8876729434167371
-4.477088452859732
0.7975438810240385
bias2:
-0.1340938242325383
