0.031415926535897934
-0.031415926535897934
0.06283185307179587
-0.06283185307179587
0.0942477796076938
-0.0942477796076938
0.12566370614359174
-0.12566370614359174
0.15707963267948966
-0.15707963267948966
0.18849555921538758
-0.18849555921538758
0.2199114857512855
-0.2199114857512855
0.2513274122871834
-0.2513274122871834
0.28274333882308134
-0.28274333882308134
0.31415926535897926
-0.31415926535897926
0.3455751918948772
-0.3455751918948772
0.3769911184307751
-0.3769911184307751
0.408407044966673
-0.408407044966673
0.43982297150257094
-0.43982297150257094
0.47123889803846886
-0.47123889803846886
0.5026548245743668
-0.5026548245743668
0.5340707511102648
-0.5340707511102648
0.5654866776461628
-0.5654866776461628
0.5969026041820608
-0.5969026041820608
0.6283185307179587
-0.6283185307179587
0.6597344572538567
-0.6597344572538567
0.6911503837897547
-0.6911503837897547
0.7225663103256527
-0.7225663103256527
0.7539822368615506
-0.7539822368615506
0.7853981633974486
-0.7853981633974486
0.8168140899333466
-0.8168140899333466
0.8482300164692446
-0.8482300164692446
0.8796459430051425
-0.8796459430051425
0.9110618695410405
-0.9110618695410405
0.9424777960769385
-0.9424777960769385
0.9738937226128365
-0.9738937226128365
1.0053096491487343
-1.0053096491487343
1.0367255756846323
-1.0367255756846323
1.0681415022205303
-1.0681415022205303
1.0995574287564283
-1.0995574287564283
1.1309733552923262
-1.1309733552923262
1.1623892818282242
-1.1623892818282242
1.1938052083641222
-1.1938052083641222
1.2252211349000202
-1.2252211349000202
1.2566370614359181
-1.2566370614359181
1.288052987971816
-1.288052987971816
1.319468914507714
-1.319468914507714
1.350884841043612
-1.350884841043612
1.38230076757951
-1.38230076757951
1.413716694115408
-1.413716694115408
1.445132620651306
-1.445132620651306
1.476548547187204
-1.476548547187204
1.507964473723102
-1.507964473723102
1.539380400259
-1.539380400259
1.570796326794898
-1.570796326794898
