2734.918047877703
1 280
2 2
3 242
4 243
5 241
6 240
7 239
8 238
9 237
10 236
11 235
12 234
13 233
14 232
15 231
16 246
17 245
18 244
19 247
20 250
21 251
22 230
23 229
24 228
25 227
26 226
27 225
28 224
29 223
30 219
31 222
32 221
33 220
34 218
35 217
36 216
37 215
38 214
39 211
40 213
41 212
42 207
43 210
44 209
45 252
46 255
47 256
48 249
49 248
50 278
51 279
52 4
53 277
54 276
55 275
56 274
57 273
58 272
59 271
60 16
61 17
62 18
63 133
64 19
65 132
66 270
67 134
68 135
69 136
70 269
71 268
72 267
73 137
74 138
75 266
76 265
77 264
78 263
79 262
80 261
81 260
82 259
83 258
84 257
85 254
86 253
87 208
88 206
89 205
90 204
91 203
92 202
93 200
94 201
95 196
96 195
97 194
98 197
99 198
100 199
101 144
102 145
103 146
104 143
105 142
106 141
107 140
108 139
109 148
110 147
111 149
112 150
113 179
114 180
115 181
116 176
117 177
118 178
119 151
120 152
121 156
122 153
123 155
124 154
125 129
126 130
127 131
128 20
129 21
130 128
131 127
132 126
133 30
134 125
135 124
136 123
137 122
138 121
139 120
140 119
141 157
142 158
143 159
144 160
145 175
146 161
147 162
148 163
149 164
150 171
151 172
152 170
153 169
154 168
155 167
156 166
157 165
158 188
159 189
160 190
161 191
162 192
163 193
164 186
165 187
166 185
167 184
168 183
169 182
170 174
171 107
172 173
173 106
174 105
175 104
176 103
177 102
178 101
179 100
180 99
181 98
182 97
183 96
184 95
185 94
186 93
187 92
188 91
189 90
190 89
191 109
192 108
193 110
194 88
195 112
196 111
197 114
198 115
199 117
200 118
201 61
202 60
203 62
204 63
205 64
206 66
207 65
208 85
209 86
210 116
211 113
212 87
213 84
214 83
215 82
216 81
217 80
218 79
219 78
220 77
221 76
222 75
223 74
224 73
225 72
226 71
227 70
228 67
229 69
230 68
231 58
232 59
233 44
234 43
235 42
236 46
237 45
238 57
239 56
240 55
241 54
242 47
243 48
244 49
245 53
246 52
247 51
248 50
249 37
250 36
251 38
252 39
253 40
254 41
255 35
256 34
257 33
258 32
259 31
260 29
261 28
262 27
263 26
264 22
265 25
266 23
267 24
268 14
269 15
270 13
271 12
272 11
273 10
274 8
275 9
276 7
277 6
278 5
279 1
280 3
