0.7750792250907985
-0.923406475431975
0.8103083492324158
0.2074269644734325
-0.9834417687287832
0.818051095368579
0.01813466226629969
0.5061360165005663
-0.6594568606530884
-0.9917264866187973
0.2792821081233161
0.8735986995358634
-0.8837381286793582
-0.9976146155116048
-0.5940677774422037
-0.9126164884844107
-0.23399630051276876
0.3777748118621822
-0.9968887084195401
-0.6261652248733879
-0.9604977853723813
0.9137737918362604
-0.6518949756161588
-0.14496438349706564
-0.21911280456903218
-0.24727776071713103
0.9054114167937577
0.21113342418251005
-0.17680404260102184
-0.7433875931089899
0.9584321431020321
0.45681487942108906
0.71250844979612
0.7149148152359692
0.6662357520581151
0.9705818551867994
0.9968312904018599
-0.7111277259985298
0.939232352449825
-0.1161625805742876
0.9796649982161083
-0.3739711706015106
0.3165992067140339
-0.9395802188569595
0.8470440998659489
-0.43582291217051616
0.8950147936965558
0.910785969636908
-0.09105836558166228
-0.38066760829039037
0.9449995993461995
-0.12527932069466743
-0.8250136233825823
0.5365781091096818
-0.67884536272214
-0.9853051792622228
0.38775480804820756
0.3426590473749833
0.9782620558256672
0.7758242662253916
-0.9443122309278109
-0.8363934231552657
-0.004272459217469617
0.9199843617943821
-0.39307322075126944
-0.6473549513590078
-0.9940602919369385
-0.4564726710881093
0.9751185658485093
-0.5964613218240354
-0.007973408415241993
0.9295551254901444
0.7208287831476904
-0.5708943638744264
0.11739248108822009
-0.8262012286249872
-0.1759732595039546
0.9373813398895657
-0.045621003382042155
0.17555852316349108
-0.31911984944063304
0.6298744282540474
0.6648666272483517
-0.3877074362696852
-0.7707184420123325
0.7353146838561428
0.40747271267442375
-0.43595951889479273
0.9728349522302884
-0.9301246806976017
-0.6764662858435344
-0.9702421873198308
-0.8099458880258841
-0.9350920001560658
0.5774172986512824
0.2567434667243955
0.160507521564442
0.9966118433521479
0.12696614841520015
0.24932409124698132
